8 8 8 8 8 8 8 8 8 8 8 8 8 1 0 0 2 8 8 8 8 8 8 8 8 8 8 8 8 8
8 8 8 8 8 8 8 8 8 8 8 8 8 1 0 0 2 8 8 8 8 8 8 8 8 8 8 8 7 8
8 8 8 8 8 8 8 8 8 8 8 8 8 1 0 0 2 8 8 8 8 8 8 8 8 8 8 8 8 8
8 7 8 8 8 8 8 8 8 8 8 8 8 1 0 0 2 8 8 8 8 8 8 8 8 8 8 8 8 8
8 8 8 8 8 8 7 8 8 8 8 8 8 1 0 0 2 8 8 8 8 8 8 8 8 8 8 8 8 8
8 8 8 8 8 8 8 8 8 8 8 8 8 1 0 0 2 8 8 8 8 8 8 8 7 8 8 8 8 8
8 8 8 8 8 8 8 8 8 8 8 8 8 1 0 0 2 8 8 8 8 8 8 8 8 8 8 8 8 8
8 8 8 8 8 8 8 8 8 8 8 8 8 1 0 0 2 8 8 8 8 8 8 8 8 8 8 8 8 8
8 8 8 8 8 8 8 8 8 8 8 8 8 1 0 0 2 8 8 8 8 8 8 8 8 8 8 8 8 8
8 8 8 8 8 8 8 8 8 8 8 8 8 1 0 0 2 8 8 8 8 8 8 8 8 8 8 8 8 8
8 8 8 8 8 8 8 8 8 8 8 8 8 1 0 0 2 8 8 8 8 8 8 8 8 8 8 8 8 8
8 8 8 8 8 8 7 8 8 8 8 8 8 1 0 0 2 8 8 8 8 8 8 8 8 8 8 8 8 8
8 8 8 8 8 8 8 8 8 8 8 8 8 1 0 0 2 8 8 8 8 8 8 8 8 8 8 8 8 8
8 8 8 8 8 8 8 8 8 8 8 8 8 1 0 0 2 8 8 8 8 8 8 8 8 8 8 7 8 8
8 8 8 8 8 8 8 8 7 8 8 8 8 1 0 0 2 8 8 8 8 8 8 8 8 8 8 8 8 8
8 8 7 8 8 8 8 8 8 8 8 8 8 1 0 14 2 8 8 8 8 8 8 8 8 8 8 8 8 8