8 8 7 8 8 8 8 8 8 8 8 8 8 8 8 8 8 8 8 8 8 8 8 8 8 8 8 8 8 13
8 8 8 8 8 8 8 8 8 8 8 8 8 8 8 8 8 8 8 8 8 7 8 8 8 8 8 8 8 13
8 8 8 8 8 8 8 8 8 8 8 8 8 8 7 8 8 8 8 8 8 8 8 8 8 8 8 8 8 13
8 8 8 8 8 8 8 7 8 8 8 8 8 8 8 8 8 8 8 8 8 8 8 8 8 8 8 8 8 13
8 8 8 8 8 8 8 8 8 8 8 8 8 8 8 8 8 8 8 8 8 8 8 8 8 8 8 8 8 13
8 8 8 8 8 8 8 8 8 8 8 8 8 8 8 8 8 8 8 8 8 8 8 8 8 8 8 8 8 13
8 8 8 8 8 8 8 8 8 8 8 8 8 4 5 5 5 5 5 5 5 5 5 5 5 5 5 5 5 11
8 8 8 8 8 7 8 8 8 8 8 8 8 1 0 0 0 0 0 0 0 0 0 0 0 0 0 0 0 9
8 8 8 8 8 8 8 8 8 8 8 8 8 1 0 0 0 0 0 0 0 0 0 0 0 0 0 0 0 10
8 8 8 8 8 8 8 8 8 8 8 8 8 1 0 0 3 6 6 6 6 6 6 6 6 6 6 6 6 12
8 8 8 8 8 8 8 8 8 8 8 8 8 1 0 0 2 8 8 7 8 8 8 8 8 8 8 8 8 13
8 8 8 8 8 8 8 8 8 8 8 8 8 1 0 0 2 8 8 8 8 8 8 8 8 8 8 8 8 13
8 8 8 8 8 8 8 8 8 8 8 8 8 1 0 0 2 8 8 8 8 8 8 8 8 8 8 8 8 13
8 8 7 8 8 8 8 7 8 8 8 8 8 1 0 0 2 8 8 8 8 8 8 8 8 7 8 8 8 13
8 8 8 8 8 8 8 8 8 8 8 8 8 1 0 0 2 8 8 8 8 8 8 8 8 8 8 8 8 13
8 8 8 8 8 8 8 8 8 8 7 8 8 1 0 0 2 8 8 8 8 8 8 8 8 8 8 8 8 13
