10 8 45 2 Minotaure 80 53 1 45 46 2 0 18 2 1 Sorcier 70 61 1 40 41 2 3 12 1
20 5 35 2 Slime 50 50 1 35 36 2 2 15 0 1 Minotaure 80 53 1 44 45 2 0 18 2
3 6 58 0
11 8 58 0
20 1 58 0
24 7 58 0
2 0 20 0
2 1 20 0
2 2 20 0
2 3 20 0
2 4 20 0
2 5 20 0
2 6 20 0
2 7 20 0
2 8 20 0
2 9 20 0
2 10 18 0
3 10 17 0
4 10 17 0
5 10 17 0
6 10 17 0
7 10 17 0
8 10 17 0
9 10 17 0
10 10 17 0
11 10 17 0
12 10 17 0
13 10 17 0
14 10 17 0
15 10 17 0
16 10 17 0
17 10 17 0
18 10 17 0
19 10 17 0
20 10 17 0
21 10 17 0
22 10 17 0
23 10 17 0
24 10 17 0
25 10 17 0
26 10 17 0
27 10 17 0
28 10 17 0
29 10 17 0
3 0 15 0
4 0 15 0
5 0 15 0
6 0 15 0
7 0 15 0
8 0 15 0
9 0 15 0
10 0 15 0
11 0 15 0
12 0 15 0
13 0 15 0
14 0 15 0
15 0 15 0
16 0 15 0
17 0 15 0
18 0 15 0
19 0 15 0
20 0 15 0
21 0 15 0
22 0 15 0
23 0 15 0
24 0 15 0
25 0 15 0
26 0 15 0
27 0 15 0
28 0 15 0
29 0 15 0
