10 8 45 2 Minotaure 80 53 1 45 46 2 0 18 2 1 Sorcier 70 61 1 40 41 2 3 12 1
20 5 35 2 Slime 50 60 1 35 36 3 2 20 0 1 Slime 50 60 1 35 36 3 2 20 0
2 0 23 0
3 0 22 0
4 0 22 0
5 0 22 0
6 0 22 0
7 0 22 0
8 0 22 0
9 0 22 0
10 0 22 0
11 0 22 0
12 0 22 0
13 0 22 0
14 0 22 0
15 0 22 0
16 0 22 0
17 0 22 0
18 0 22 0
19 0 22 0
20 0 22 0
21 0 22 0
22 0 22 0
23 0 22 0
24 0 22 0
25 0 22 0
26 0 22 0
27 0 22 0
28 0 22 0
29 0 22 0
2 1 20 0 
2 2 20 0 
2 3 20 0 
2 4 20 0 
2 5 20 0 
2 6 20 0 
2 7 20 0 
2 8 20 0 
2 9 20 0 
2 10 20 0 
2 11 20 0 
2 12 20 0 
2 13 20 0 
2 14 20 0 
2 15 20 0 
3 15 15 0
4 15 15 0
5 15 15 0
6 15 15 0
7 15 15 0
8 15 15 0
9 15 15 0
10 15 15 0
11 15 15 0
12 15 15 0
13 15 15 0
14 15 15 0
15 15 15 0
16 15 15 0
17 15 15 0
18 15 15 0
19 15 15 0
20 15 15 0
21 15 15 0
22 15 15 0
23 15 15 0
24 15 15 0
25 15 15 0
26 15 15 0
27 15 15 0
28 15 15 0
29 15 15 0
