16 7 145 2 Lou 180 76 1 146 145 1 3 23 3 2 Slime 60 50 1 32 33 2 3 8 0 Minotaure 70 70 1 46 47 1 3 18 2
3 6 57 0
10 8 57 0
0 5 9 0
1 5 9 0
2 5 9 0
3 5 9 0
4 5 9 0
5 5 9 0
6 5 9 0
7 5 9 0
8 5 9 0
9 5 9 0
10 5 9 0
11 5 9 0
12 5 9 0
13 5 9 0
14 5 9 0
15 5 9 0
16 5 9 0
17 5 9 0
18 5 9 0
19 5 11 0
19 6 8 0
19 7 8 0
19 8 8 0
19 9 8 0
19 10 6 0
0 10 4 0
1 10 4 0
2 10 4 0
3 10 4 0
4 10 4 0
5 10 4 0
6 10 4 0
7 10 4 0
8 10 4 0
9 10 4 0
10 10 4 0
11 10 4 0
12 10 4 0
13 10 4 0
14 10 4 0
15 10 4 0
16 10 4 0
17 10 4 0
18 10 4 0
