16 7 56 2 Minotaure 110 100 0 57 56 3 3 30 2 1 Minotaure 110 100 0 57 56 3 3 30 2
0 0 61 0
0 1 61 0
0 2 61 0
0 3 61 0
0 4 61 0
0 5 61 0
0 6 61 0
0 7 61 0
0 8 61 0
0 9 61 0
0 10 61 0
0 11 61 0
0 12 61 0
0 13 61 0
0 14 61 0
0 15 61 0
1 0 62 0
2 0 62 0
3 0 62 0
4 0 62 0
5 0 62 0
6 0 62 0
7 0 62 0
8 0 62 0
9 0 62 0
10 0 62 0
11 0 62 0
12 0 62 0
13 0 62 0
14 0 62 0
15 0 62 0
16 0 62 0
17 0 62 0
18 0 62 0
19 0 62 0
20 0 62 0
21 0 62 0
22 0 62 0
23 0 62 0
24 0 62 0
25 0 62 0
26 0 62 0
27 0 62 0
28 0 62 0
29 8 196 6
29 7 196 6
15 7 60 0
14 7 60 0
