16 7 56 2 Minotaure 110 100 0 57 56 3 3 30 2 1 Minotaure 110 100 0 57 56 3 3 30 2
0 0 62 0
0 1 62 0
0 2 62 0
0 3 62 0
0 4 62 0
0 5 62 0
0 6 62 0
0 7 62 0
0 8 62 0
0 9 62 0
0 10 62 0
0 11 62 0
0 12 62 0
0 13 62 0
0 14 62 0
0 15 62 0
29 0 14 0
29 1 14 0
29 2 14 0
29 3 14 0
29 4 14 0
29 5 14 0
29 6 12 0
29 9 13 0
29 10 14 0
29 11 14 0
29 12 14 0
29 13 14 0
29 14 14 0
29 15 14 0
1 0 63 0
2 0 63 0
3 0 63 0
4 0 63 0
5 0 63 0
6 0 63 0
7 0 63 0
8 0 63 0
9 0 63 0
10 0 63 0
11 0 63 0
12 0 63 0
13 0 63 0
14 0 63 0
15 0 63 0
16 0 63 0
17 0 63 0
18 0 63 0
19 0 63 0
20 0 63 0
21 0 63 0
22 0 63 0
23 0 63 0
24 0 63 0
25 0 63 0
26 0 63 0
27 0 63 0
28 0 63 0
29 8 196 6
29 7 196 6
