9 6 35 2 Slime 50 50 1 35 36 3 2 15 0 0
0 10 17 0
1 10 17 0
2 10 17 0
3 10 17 0
4 10 17 0
5 10 17 0
6 10 17 0
7 10 17 0
8 10 17 0
9 10 17 0
10 10 17 0
11 10 17 0
12 10 17 0
13 10 17 0
14 10 17 0
15 10 17 0
16 10 17 0
17 10 17 0
18 10 17 0
19 10 17 0
20 10 17 0
21 10 17 0
22 10 17 0
23 10 17 0
24 10 17 0
25 10 17 0
26 10 17 0
27 10 17 0
28 10 17 0
29 10 17 0
0 0 22 0
1 0 22 0
2 0 22 0
3 0 22 0
4 0 22 0
5 0 22 0
6 0 22 0
7 0 22 0
8 0 22 0
9 0 22 0
10 0 22 0
11 0 22 0
12 0 22 0
13 0 22 0
14 0 22 0
15 0 22 0
16 0 22 0
17 0 22 0
18 0 22 0
19 0 22 0
20 0 22 0
21 0 22 0
22 0 22 0
23 0 22 0
24 0 22 0
25 0 22 0
26 0 22 0
27 0 22 0
28 0 22 0
29 0 22 0
17 3 58 0
3 10 58 0
