15 8 35 2 Slime 60 50 1 36 35 3 2 25 0 1 Sorcier 60 50 1 36 35 1 2 25 1
14 0 197 9
16 9 58 0
4 7 58 0
12 0 58 0
6 12 58 0
23 1 58 0
14 4 58 0
2 7 58 0
19 8 58 0
28 13 58 0
0 0 15 0
1 0 15 0
2 0 15 0
3 0 15 0
4 0 15 0
5 0 15 0
6 0 15 0
7 0 15 0
8 0 15 0
9 0 15 0
10 0 15 0
11 0 15 0
12 0 15 0
13 0 15 0
15 0 15 0
16 0 15 0
17 0 15 0
18 0 15 0
19 0 15 0
20 0 15 0
21 0 15 0
22 0 15 0
23 0 15 0
24 0 15 0
25 0 15 0
26 0 15 0
27 0 15 0
28 0 15 0
29 0 15 0
0 15 15 0
1 15 15 0
2 15 15 0
3 15 15 0
4 15 15 0
5 15 15 0
6 15 15 0
7 15 15 0
8 15 15 0
9 15 15 0
10 15 15 0
11 15 15 0
12 15 15 0
13 15 15 0
14 15 15 0
15 15 15 0
16 15 15 0
17 15 15 0
18 15 15 0
19 15 15 0
20 15 15 0
21 15 15 0
22 15 15 0
23 15 15 0
24 15 15 0
25 15 15 0
26 15 15 0
27 15 15 0
28 15 15 0
29 15 15 0
