14 10 197 7
23 8 56 1
24 8 53 1
24 9 54 0
23 9 55 0
21 8 56 1
22 8 53 1
22 9 54 0
21 9 55 0
11 8 56 1
12 8 53 1
12 9 54 0
11 9 55 0
13 2 57 0
3 4 57 0
5 6 35 2 Slime 60 50 1 36 35 3 2 25 0 1 Sorcier 60 50 1 40 39 1 2 25 1
20 9 39 2 Sorcier 60 50 1 36 35 1 2 20 1 1 Slime 80 70 1 33 32 2 3 10 0
18 2 51 2 Minotaure 90 56 1 52 51 3 25 2 0
0 10 4 0
1 10 4 0
2 10 4 0
3 10 4 0
4 10 4 0
5 10 4 0
6 10 4 0
7 10 4 0
8 10 4 0
9 10 4 0
10 10 4 0
11 10 4 0
12 10 4 0
13 10 4 0
14 10 4 0
15 10 4 0
16 10 4 0
17 10 4 0
18 10 4 0
19 10 4 0
20 10 4 0
21 10 4 0
22 10 4 0
23 10 4 0
24 10 6 0
24 9 8 0
24 8 8 0
24 7 8 0
24 6 8 0
24 5 8 0
24 4 8 0
24 3 8 0
24 2 8 0
24 1 8 0
24 0 8 0
